{
 "cells": [
  {
   "cell_type": "code",
   "execution_count": 1,
   "metadata": {
    "id": "b20t78A0IgGi",
    "ExecuteTime": {
     "end_time": "2023-09-17T16:16:06.079913400Z",
     "start_time": "2023-09-17T16:16:05.024927300Z"
    }
   },
   "outputs": [],
   "source": [
    "# Load Libraries\n",
    "%matplotlib inline\n",
    "import numpy as np\n",
    "import matplotlib.pyplot as plt\n",
    "from scipy import stats\n",
    "import pandas as pd"
   ]
  },
  {
   "cell_type": "markdown",
   "metadata": {
    "id": "GG2_9Q9LIgGj"
   },
   "source": [
    "# Remove Irrelevant Variables\n"
   ]
  },
  {
   "cell_type": "markdown",
   "metadata": {
    "id": "BdzAhSkBIgGk"
   },
   "source": [
    "When tackling supervised learning problems, one can find in the dataset variables that are not informative or related to the target we want to predict. These variables are not helpful for the model predictions and are usually called **irrelevant variables**.\n",
    "\n",
    "In order to reduce computational and memory costs, as well as to decrease noise in the data, it is advisable to remove them from the dataset."
   ]
  },
  {
   "cell_type": "markdown",
   "metadata": {
    "id": "bdzjhlwqIgGl"
   },
   "source": [
    "## Load Data"
   ]
  },
  {
   "cell_type": "code",
   "execution_count": 3,
   "metadata": {
    "colab": {
     "base_uri": "https://localhost:8080/",
     "height": 206
    },
    "id": "YMdUA0sAIgGl",
    "executionInfo": {
     "status": "ok",
     "timestamp": 1694165585650,
     "user_tz": -120,
     "elapsed": 298,
     "user": {
      "displayName": "Jesus Prada",
      "userId": "01990672692810654269"
     }
    },
    "outputId": "6561bdd0-f917-4673-edb5-02fdaf3167fb",
    "ExecuteTime": {
     "end_time": "2023-09-17T16:16:48.578823500Z",
     "start_time": "2023-09-17T16:16:48.549984900Z"
    }
   },
   "outputs": [
    {
     "data": {
      "text/plain": "               model   mpg  cyl   disp   hp  drat     wt   qsec  vs  am  gear  \\\n0          Mazda RX4  21.0    6  160.0  110  3.90  2.620  16.46   0   1     4   \n1      Mazda RX4 Wag  21.0    6  160.0  110  3.90  2.875  17.02   0   1     4   \n2         Datsun 710  22.8    4  108.0   93  3.85  2.320  18.61   1   1     4   \n3     Hornet 4 Drive  21.4    6  258.0  110  3.08  3.215  19.44   1   0     3   \n4  Hornet Sportabout  18.7    8  360.0  175  3.15  3.440  17.02   0   0     3   \n\n   carb  \n0     4  \n1     4  \n2     1  \n3     1  \n4     2  ",
      "text/html": "<div>\n<style scoped>\n    .dataframe tbody tr th:only-of-type {\n        vertical-align: middle;\n    }\n\n    .dataframe tbody tr th {\n        vertical-align: top;\n    }\n\n    .dataframe thead th {\n        text-align: right;\n    }\n</style>\n<table border=\"1\" class=\"dataframe\">\n  <thead>\n    <tr style=\"text-align: right;\">\n      <th></th>\n      <th>model</th>\n      <th>mpg</th>\n      <th>cyl</th>\n      <th>disp</th>\n      <th>hp</th>\n      <th>drat</th>\n      <th>wt</th>\n      <th>qsec</th>\n      <th>vs</th>\n      <th>am</th>\n      <th>gear</th>\n      <th>carb</th>\n    </tr>\n  </thead>\n  <tbody>\n    <tr>\n      <th>0</th>\n      <td>Mazda RX4</td>\n      <td>21.0</td>\n      <td>6</td>\n      <td>160.0</td>\n      <td>110</td>\n      <td>3.90</td>\n      <td>2.620</td>\n      <td>16.46</td>\n      <td>0</td>\n      <td>1</td>\n      <td>4</td>\n      <td>4</td>\n    </tr>\n    <tr>\n      <th>1</th>\n      <td>Mazda RX4 Wag</td>\n      <td>21.0</td>\n      <td>6</td>\n      <td>160.0</td>\n      <td>110</td>\n      <td>3.90</td>\n      <td>2.875</td>\n      <td>17.02</td>\n      <td>0</td>\n      <td>1</td>\n      <td>4</td>\n      <td>4</td>\n    </tr>\n    <tr>\n      <th>2</th>\n      <td>Datsun 710</td>\n      <td>22.8</td>\n      <td>4</td>\n      <td>108.0</td>\n      <td>93</td>\n      <td>3.85</td>\n      <td>2.320</td>\n      <td>18.61</td>\n      <td>1</td>\n      <td>1</td>\n      <td>4</td>\n      <td>1</td>\n    </tr>\n    <tr>\n      <th>3</th>\n      <td>Hornet 4 Drive</td>\n      <td>21.4</td>\n      <td>6</td>\n      <td>258.0</td>\n      <td>110</td>\n      <td>3.08</td>\n      <td>3.215</td>\n      <td>19.44</td>\n      <td>1</td>\n      <td>0</td>\n      <td>3</td>\n      <td>1</td>\n    </tr>\n    <tr>\n      <th>4</th>\n      <td>Hornet Sportabout</td>\n      <td>18.7</td>\n      <td>8</td>\n      <td>360.0</td>\n      <td>175</td>\n      <td>3.15</td>\n      <td>3.440</td>\n      <td>17.02</td>\n      <td>0</td>\n      <td>0</td>\n      <td>3</td>\n      <td>2</td>\n    </tr>\n  </tbody>\n</table>\n</div>"
     },
     "execution_count": 3,
     "metadata": {},
     "output_type": "execute_result"
    }
   ],
   "source": [
    "dat = pd.read_csv('../data/mtcars.csv', sep = \",\")\n",
    "dat.head()"
   ]
  },
  {
   "cell_type": "markdown",
   "metadata": {
    "id": "zmmgs6nKIgGn"
   },
   "source": [
    "## What is an Irrelevant Variable?"
   ]
  },
  {
   "cell_type": "markdown",
   "metadata": {
    "id": "J5IPoov7IgGn"
   },
   "source": [
    "There are several ways of understanding what an irrelevant variable is. Nevertheless, normally the criteria to mark a variable as irrelevant is based on that variable not achieving a minimum threshold of correlation with the target we want to predict.\n",
    "\n"
   ]
  },
  {
   "cell_type": "markdown",
   "metadata": {
    "id": "2YO-QvNkIgGn"
   },
   "source": [
    "## Detect Irrelevant Variables"
   ]
  },
  {
   "cell_type": "markdown",
   "metadata": {
    "id": "h6EkDqIGIgGo"
   },
   "source": [
    "Based on our previous definition, we need first to compute correlations of each variable with respect to the target.\n"
   ]
  },
  {
   "cell_type": "code",
   "execution_count": 4,
   "metadata": {
    "colab": {
     "base_uri": "https://localhost:8080/",
     "height": 394
    },
    "id": "9lUPpkvpIgGp",
    "executionInfo": {
     "status": "ok",
     "timestamp": 1694165603514,
     "user_tz": -120,
     "elapsed": 7,
     "user": {
      "displayName": "Jesus Prada",
      "userId": "01990672692810654269"
     }
    },
    "outputId": "379977aa-c4a5-4f70-a8c6-22a975e4e1b0",
    "ExecuteTime": {
     "end_time": "2023-09-17T16:16:51.593719100Z",
     "start_time": "2023-09-17T16:16:51.579306900Z"
    }
   },
   "outputs": [
    {
     "data": {
      "text/plain": "           mpg       cyl      disp        hp      drat        wt      qsec  \\\nmpg   1.000000 -0.852162 -0.847551 -0.776168  0.681172 -0.867659  0.418684   \ncyl  -0.852162  1.000000  0.902033  0.832447 -0.699938  0.782496 -0.591242   \ndisp -0.847551  0.902033  1.000000  0.790949 -0.710214  0.887980 -0.433698   \nhp   -0.776168  0.832447  0.790949  1.000000 -0.448759  0.658748 -0.708223   \ndrat  0.681172 -0.699938 -0.710214 -0.448759  1.000000 -0.712441  0.091205   \nwt   -0.867659  0.782496  0.887980  0.658748 -0.712441  1.000000 -0.174716   \nqsec  0.418684 -0.591242 -0.433698 -0.708223  0.091205 -0.174716  1.000000   \nvs    0.664039 -0.810812 -0.710416 -0.723097  0.440278 -0.554916  0.744535   \nam    0.599832 -0.522607 -0.591227 -0.243204  0.712711 -0.692495 -0.229861   \ngear  0.480285 -0.492687 -0.555569 -0.125704  0.699610 -0.583287 -0.212682   \ncarb -0.550925  0.526988  0.394977  0.749812 -0.090790  0.427606 -0.656249   \n\n            vs        am      gear      carb  \nmpg   0.664039  0.599832  0.480285 -0.550925  \ncyl  -0.810812 -0.522607 -0.492687  0.526988  \ndisp -0.710416 -0.591227 -0.555569  0.394977  \nhp   -0.723097 -0.243204 -0.125704  0.749812  \ndrat  0.440278  0.712711  0.699610 -0.090790  \nwt   -0.554916 -0.692495 -0.583287  0.427606  \nqsec  0.744535 -0.229861 -0.212682 -0.656249  \nvs    1.000000  0.168345  0.206023 -0.569607  \nam    0.168345  1.000000  0.794059  0.057534  \ngear  0.206023  0.794059  1.000000  0.274073  \ncarb -0.569607  0.057534  0.274073  1.000000  ",
      "text/html": "<div>\n<style scoped>\n    .dataframe tbody tr th:only-of-type {\n        vertical-align: middle;\n    }\n\n    .dataframe tbody tr th {\n        vertical-align: top;\n    }\n\n    .dataframe thead th {\n        text-align: right;\n    }\n</style>\n<table border=\"1\" class=\"dataframe\">\n  <thead>\n    <tr style=\"text-align: right;\">\n      <th></th>\n      <th>mpg</th>\n      <th>cyl</th>\n      <th>disp</th>\n      <th>hp</th>\n      <th>drat</th>\n      <th>wt</th>\n      <th>qsec</th>\n      <th>vs</th>\n      <th>am</th>\n      <th>gear</th>\n      <th>carb</th>\n    </tr>\n  </thead>\n  <tbody>\n    <tr>\n      <th>mpg</th>\n      <td>1.000000</td>\n      <td>-0.852162</td>\n      <td>-0.847551</td>\n      <td>-0.776168</td>\n      <td>0.681172</td>\n      <td>-0.867659</td>\n      <td>0.418684</td>\n      <td>0.664039</td>\n      <td>0.599832</td>\n      <td>0.480285</td>\n      <td>-0.550925</td>\n    </tr>\n    <tr>\n      <th>cyl</th>\n      <td>-0.852162</td>\n      <td>1.000000</td>\n      <td>0.902033</td>\n      <td>0.832447</td>\n      <td>-0.699938</td>\n      <td>0.782496</td>\n      <td>-0.591242</td>\n      <td>-0.810812</td>\n      <td>-0.522607</td>\n      <td>-0.492687</td>\n      <td>0.526988</td>\n    </tr>\n    <tr>\n      <th>disp</th>\n      <td>-0.847551</td>\n      <td>0.902033</td>\n      <td>1.000000</td>\n      <td>0.790949</td>\n      <td>-0.710214</td>\n      <td>0.887980</td>\n      <td>-0.433698</td>\n      <td>-0.710416</td>\n      <td>-0.591227</td>\n      <td>-0.555569</td>\n      <td>0.394977</td>\n    </tr>\n    <tr>\n      <th>hp</th>\n      <td>-0.776168</td>\n      <td>0.832447</td>\n      <td>0.790949</td>\n      <td>1.000000</td>\n      <td>-0.448759</td>\n      <td>0.658748</td>\n      <td>-0.708223</td>\n      <td>-0.723097</td>\n      <td>-0.243204</td>\n      <td>-0.125704</td>\n      <td>0.749812</td>\n    </tr>\n    <tr>\n      <th>drat</th>\n      <td>0.681172</td>\n      <td>-0.699938</td>\n      <td>-0.710214</td>\n      <td>-0.448759</td>\n      <td>1.000000</td>\n      <td>-0.712441</td>\n      <td>0.091205</td>\n      <td>0.440278</td>\n      <td>0.712711</td>\n      <td>0.699610</td>\n      <td>-0.090790</td>\n    </tr>\n    <tr>\n      <th>wt</th>\n      <td>-0.867659</td>\n      <td>0.782496</td>\n      <td>0.887980</td>\n      <td>0.658748</td>\n      <td>-0.712441</td>\n      <td>1.000000</td>\n      <td>-0.174716</td>\n      <td>-0.554916</td>\n      <td>-0.692495</td>\n      <td>-0.583287</td>\n      <td>0.427606</td>\n    </tr>\n    <tr>\n      <th>qsec</th>\n      <td>0.418684</td>\n      <td>-0.591242</td>\n      <td>-0.433698</td>\n      <td>-0.708223</td>\n      <td>0.091205</td>\n      <td>-0.174716</td>\n      <td>1.000000</td>\n      <td>0.744535</td>\n      <td>-0.229861</td>\n      <td>-0.212682</td>\n      <td>-0.656249</td>\n    </tr>\n    <tr>\n      <th>vs</th>\n      <td>0.664039</td>\n      <td>-0.810812</td>\n      <td>-0.710416</td>\n      <td>-0.723097</td>\n      <td>0.440278</td>\n      <td>-0.554916</td>\n      <td>0.744535</td>\n      <td>1.000000</td>\n      <td>0.168345</td>\n      <td>0.206023</td>\n      <td>-0.569607</td>\n    </tr>\n    <tr>\n      <th>am</th>\n      <td>0.599832</td>\n      <td>-0.522607</td>\n      <td>-0.591227</td>\n      <td>-0.243204</td>\n      <td>0.712711</td>\n      <td>-0.692495</td>\n      <td>-0.229861</td>\n      <td>0.168345</td>\n      <td>1.000000</td>\n      <td>0.794059</td>\n      <td>0.057534</td>\n    </tr>\n    <tr>\n      <th>gear</th>\n      <td>0.480285</td>\n      <td>-0.492687</td>\n      <td>-0.555569</td>\n      <td>-0.125704</td>\n      <td>0.699610</td>\n      <td>-0.583287</td>\n      <td>-0.212682</td>\n      <td>0.206023</td>\n      <td>0.794059</td>\n      <td>1.000000</td>\n      <td>0.274073</td>\n    </tr>\n    <tr>\n      <th>carb</th>\n      <td>-0.550925</td>\n      <td>0.526988</td>\n      <td>0.394977</td>\n      <td>0.749812</td>\n      <td>-0.090790</td>\n      <td>0.427606</td>\n      <td>-0.656249</td>\n      <td>-0.569607</td>\n      <td>0.057534</td>\n      <td>0.274073</td>\n      <td>1.000000</td>\n    </tr>\n  </tbody>\n</table>\n</div>"
     },
     "execution_count": 4,
     "metadata": {},
     "output_type": "execute_result"
    }
   ],
   "source": [
    "cor = dat.corr(numeric_only = True)\n",
    "cor"
   ]
  },
  {
   "cell_type": "markdown",
   "metadata": {
    "id": "YvhnIl3kIgGp"
   },
   "source": [
    "Lets add a new random column to the dataset."
   ]
  },
  {
   "cell_type": "code",
   "execution_count": 5,
   "metadata": {
    "colab": {
     "base_uri": "https://localhost:8080/",
     "height": 1000
    },
    "id": "o7N2M0YRIgGq",
    "executionInfo": {
     "status": "ok",
     "timestamp": 1694165608095,
     "user_tz": -120,
     "elapsed": 310,
     "user": {
      "displayName": "Jesus Prada",
      "userId": "01990672692810654269"
     }
    },
    "outputId": "05ae82dd-5e83-4d68-cab3-a45fbd9895b1",
    "ExecuteTime": {
     "end_time": "2023-09-17T16:16:56.068770200Z",
     "start_time": "2023-09-17T16:16:56.052608Z"
    }
   },
   "outputs": [
    {
     "data": {
      "text/plain": "                  model   mpg  cyl   disp   hp  drat     wt   qsec  vs  am  \\\n0             Mazda RX4  21.0    6  160.0  110  3.90  2.620  16.46   0   1   \n1         Mazda RX4 Wag  21.0    6  160.0  110  3.90  2.875  17.02   0   1   \n2            Datsun 710  22.8    4  108.0   93  3.85  2.320  18.61   1   1   \n3        Hornet 4 Drive  21.4    6  258.0  110  3.08  3.215  19.44   1   0   \n4     Hornet Sportabout  18.7    8  360.0  175  3.15  3.440  17.02   0   0   \n5               Valiant  18.1    6  225.0  105  2.76  3.460  20.22   1   0   \n6            Duster 360  14.3    8  360.0  245  3.21  3.570  15.84   0   0   \n7             Merc 240D  24.4    4  146.7   62  3.69  3.190  20.00   1   0   \n8              Merc 230  22.8    4  140.8   95  3.92  3.150  22.90   1   0   \n9              Merc 280  19.2    6  167.6  123  3.92  3.440  18.30   1   0   \n10            Merc 280C  17.8    6  167.6  123  3.92  3.440  18.90   1   0   \n11           Merc 450SE  16.4    8  275.8  180  3.07  4.070  17.40   0   0   \n12           Merc 450SL  17.3    8  275.8  180  3.07  3.730  17.60   0   0   \n13          Merc 450SLC  15.2    8  275.8  180  3.07  3.780  18.00   0   0   \n14   Cadillac Fleetwood  10.4    8  472.0  205  2.93  5.250  17.98   0   0   \n15  Lincoln Continental  10.4    8  460.0  215  3.00  5.424  17.82   0   0   \n16    Chrysler Imperial  14.7    8  440.0  230  3.23  5.345  17.42   0   0   \n17             Fiat 128  32.4    4   78.7   66  4.08  2.200  19.47   1   1   \n18          Honda Civic  30.4    4   75.7   52  4.93  1.615  18.52   1   1   \n19       Toyota Corolla  33.9    4   71.1   65  4.22  1.835  19.90   1   1   \n20        Toyota Corona  21.5    4  120.1   97  3.70  2.465  20.01   1   0   \n21     Dodge Challenger  15.5    8  318.0  150  2.76  3.520  16.87   0   0   \n22          AMC Javelin  15.2    8  304.0  150  3.15  3.435  17.30   0   0   \n23           Camaro Z28  13.3    8  350.0  245  3.73  3.840  15.41   0   0   \n24     Pontiac Firebird  19.2    8  400.0  175  3.08  3.845  17.05   0   0   \n25            Fiat X1-9  27.3    4   79.0   66  4.08  1.935  18.90   1   1   \n26        Porsche 914-2  26.0    4  120.3   91  4.43  2.140  16.70   0   1   \n27         Lotus Europa  30.4    4   95.1  113  3.77  1.513  16.90   1   1   \n28       Ford Pantera L  15.8    8  351.0  264  4.22  3.170  14.50   0   1   \n29         Ferrari Dino  19.7    6  145.0  175  3.62  2.770  15.50   0   1   \n30        Maserati Bora  15.0    8  301.0  335  3.54  3.570  14.60   0   1   \n31           Volvo 142E  21.4    4  121.0  109  4.11  2.780  18.60   1   1   \n\n    gear  carb     noise  \n0      4     4  0.235964  \n1      4     4  0.011495  \n2      4     1  0.718024  \n3      3     1  0.526234  \n4      3     2  0.307828  \n5      3     1  0.847708  \n6      3     4  0.391585  \n7      4     2  0.316219  \n8      4     2  0.931933  \n9      4     4  0.505859  \n10     4     4  0.870820  \n11     3     3  0.987158  \n12     3     3  0.174376  \n13     3     3  0.617745  \n14     3     4  0.965265  \n15     3     4  0.261173  \n16     3     4  0.156334  \n17     4     1  0.424551  \n18     4     2  0.244430  \n19     4     1  0.163008  \n20     3     1  0.190301  \n21     3     2  0.206422  \n22     3     2  0.781877  \n23     3     4  0.507880  \n24     3     2  0.085506  \n25     4     1  0.805699  \n26     5     2  0.641118  \n27     5     2  0.748586  \n28     5     4  0.357891  \n29     5     6  0.269331  \n30     5     8  0.393925  \n31     4     2  0.366630  ",
      "text/html": "<div>\n<style scoped>\n    .dataframe tbody tr th:only-of-type {\n        vertical-align: middle;\n    }\n\n    .dataframe tbody tr th {\n        vertical-align: top;\n    }\n\n    .dataframe thead th {\n        text-align: right;\n    }\n</style>\n<table border=\"1\" class=\"dataframe\">\n  <thead>\n    <tr style=\"text-align: right;\">\n      <th></th>\n      <th>model</th>\n      <th>mpg</th>\n      <th>cyl</th>\n      <th>disp</th>\n      <th>hp</th>\n      <th>drat</th>\n      <th>wt</th>\n      <th>qsec</th>\n      <th>vs</th>\n      <th>am</th>\n      <th>gear</th>\n      <th>carb</th>\n      <th>noise</th>\n    </tr>\n  </thead>\n  <tbody>\n    <tr>\n      <th>0</th>\n      <td>Mazda RX4</td>\n      <td>21.0</td>\n      <td>6</td>\n      <td>160.0</td>\n      <td>110</td>\n      <td>3.90</td>\n      <td>2.620</td>\n      <td>16.46</td>\n      <td>0</td>\n      <td>1</td>\n      <td>4</td>\n      <td>4</td>\n      <td>0.235964</td>\n    </tr>\n    <tr>\n      <th>1</th>\n      <td>Mazda RX4 Wag</td>\n      <td>21.0</td>\n      <td>6</td>\n      <td>160.0</td>\n      <td>110</td>\n      <td>3.90</td>\n      <td>2.875</td>\n      <td>17.02</td>\n      <td>0</td>\n      <td>1</td>\n      <td>4</td>\n      <td>4</td>\n      <td>0.011495</td>\n    </tr>\n    <tr>\n      <th>2</th>\n      <td>Datsun 710</td>\n      <td>22.8</td>\n      <td>4</td>\n      <td>108.0</td>\n      <td>93</td>\n      <td>3.85</td>\n      <td>2.320</td>\n      <td>18.61</td>\n      <td>1</td>\n      <td>1</td>\n      <td>4</td>\n      <td>1</td>\n      <td>0.718024</td>\n    </tr>\n    <tr>\n      <th>3</th>\n      <td>Hornet 4 Drive</td>\n      <td>21.4</td>\n      <td>6</td>\n      <td>258.0</td>\n      <td>110</td>\n      <td>3.08</td>\n      <td>3.215</td>\n      <td>19.44</td>\n      <td>1</td>\n      <td>0</td>\n      <td>3</td>\n      <td>1</td>\n      <td>0.526234</td>\n    </tr>\n    <tr>\n      <th>4</th>\n      <td>Hornet Sportabout</td>\n      <td>18.7</td>\n      <td>8</td>\n      <td>360.0</td>\n      <td>175</td>\n      <td>3.15</td>\n      <td>3.440</td>\n      <td>17.02</td>\n      <td>0</td>\n      <td>0</td>\n      <td>3</td>\n      <td>2</td>\n      <td>0.307828</td>\n    </tr>\n    <tr>\n      <th>5</th>\n      <td>Valiant</td>\n      <td>18.1</td>\n      <td>6</td>\n      <td>225.0</td>\n      <td>105</td>\n      <td>2.76</td>\n      <td>3.460</td>\n      <td>20.22</td>\n      <td>1</td>\n      <td>0</td>\n      <td>3</td>\n      <td>1</td>\n      <td>0.847708</td>\n    </tr>\n    <tr>\n      <th>6</th>\n      <td>Duster 360</td>\n      <td>14.3</td>\n      <td>8</td>\n      <td>360.0</td>\n      <td>245</td>\n      <td>3.21</td>\n      <td>3.570</td>\n      <td>15.84</td>\n      <td>0</td>\n      <td>0</td>\n      <td>3</td>\n      <td>4</td>\n      <td>0.391585</td>\n    </tr>\n    <tr>\n      <th>7</th>\n      <td>Merc 240D</td>\n      <td>24.4</td>\n      <td>4</td>\n      <td>146.7</td>\n      <td>62</td>\n      <td>3.69</td>\n      <td>3.190</td>\n      <td>20.00</td>\n      <td>1</td>\n      <td>0</td>\n      <td>4</td>\n      <td>2</td>\n      <td>0.316219</td>\n    </tr>\n    <tr>\n      <th>8</th>\n      <td>Merc 230</td>\n      <td>22.8</td>\n      <td>4</td>\n      <td>140.8</td>\n      <td>95</td>\n      <td>3.92</td>\n      <td>3.150</td>\n      <td>22.90</td>\n      <td>1</td>\n      <td>0</td>\n      <td>4</td>\n      <td>2</td>\n      <td>0.931933</td>\n    </tr>\n    <tr>\n      <th>9</th>\n      <td>Merc 280</td>\n      <td>19.2</td>\n      <td>6</td>\n      <td>167.6</td>\n      <td>123</td>\n      <td>3.92</td>\n      <td>3.440</td>\n      <td>18.30</td>\n      <td>1</td>\n      <td>0</td>\n      <td>4</td>\n      <td>4</td>\n      <td>0.505859</td>\n    </tr>\n    <tr>\n      <th>10</th>\n      <td>Merc 280C</td>\n      <td>17.8</td>\n      <td>6</td>\n      <td>167.6</td>\n      <td>123</td>\n      <td>3.92</td>\n      <td>3.440</td>\n      <td>18.90</td>\n      <td>1</td>\n      <td>0</td>\n      <td>4</td>\n      <td>4</td>\n      <td>0.870820</td>\n    </tr>\n    <tr>\n      <th>11</th>\n      <td>Merc 450SE</td>\n      <td>16.4</td>\n      <td>8</td>\n      <td>275.8</td>\n      <td>180</td>\n      <td>3.07</td>\n      <td>4.070</td>\n      <td>17.40</td>\n      <td>0</td>\n      <td>0</td>\n      <td>3</td>\n      <td>3</td>\n      <td>0.987158</td>\n    </tr>\n    <tr>\n      <th>12</th>\n      <td>Merc 450SL</td>\n      <td>17.3</td>\n      <td>8</td>\n      <td>275.8</td>\n      <td>180</td>\n      <td>3.07</td>\n      <td>3.730</td>\n      <td>17.60</td>\n      <td>0</td>\n      <td>0</td>\n      <td>3</td>\n      <td>3</td>\n      <td>0.174376</td>\n    </tr>\n    <tr>\n      <th>13</th>\n      <td>Merc 450SLC</td>\n      <td>15.2</td>\n      <td>8</td>\n      <td>275.8</td>\n      <td>180</td>\n      <td>3.07</td>\n      <td>3.780</td>\n      <td>18.00</td>\n      <td>0</td>\n      <td>0</td>\n      <td>3</td>\n      <td>3</td>\n      <td>0.617745</td>\n    </tr>\n    <tr>\n      <th>14</th>\n      <td>Cadillac Fleetwood</td>\n      <td>10.4</td>\n      <td>8</td>\n      <td>472.0</td>\n      <td>205</td>\n      <td>2.93</td>\n      <td>5.250</td>\n      <td>17.98</td>\n      <td>0</td>\n      <td>0</td>\n      <td>3</td>\n      <td>4</td>\n      <td>0.965265</td>\n    </tr>\n    <tr>\n      <th>15</th>\n      <td>Lincoln Continental</td>\n      <td>10.4</td>\n      <td>8</td>\n      <td>460.0</td>\n      <td>215</td>\n      <td>3.00</td>\n      <td>5.424</td>\n      <td>17.82</td>\n      <td>0</td>\n      <td>0</td>\n      <td>3</td>\n      <td>4</td>\n      <td>0.261173</td>\n    </tr>\n    <tr>\n      <th>16</th>\n      <td>Chrysler Imperial</td>\n      <td>14.7</td>\n      <td>8</td>\n      <td>440.0</td>\n      <td>230</td>\n      <td>3.23</td>\n      <td>5.345</td>\n      <td>17.42</td>\n      <td>0</td>\n      <td>0</td>\n      <td>3</td>\n      <td>4</td>\n      <td>0.156334</td>\n    </tr>\n    <tr>\n      <th>17</th>\n      <td>Fiat 128</td>\n      <td>32.4</td>\n      <td>4</td>\n      <td>78.7</td>\n      <td>66</td>\n      <td>4.08</td>\n      <td>2.200</td>\n      <td>19.47</td>\n      <td>1</td>\n      <td>1</td>\n      <td>4</td>\n      <td>1</td>\n      <td>0.424551</td>\n    </tr>\n    <tr>\n      <th>18</th>\n      <td>Honda Civic</td>\n      <td>30.4</td>\n      <td>4</td>\n      <td>75.7</td>\n      <td>52</td>\n      <td>4.93</td>\n      <td>1.615</td>\n      <td>18.52</td>\n      <td>1</td>\n      <td>1</td>\n      <td>4</td>\n      <td>2</td>\n      <td>0.244430</td>\n    </tr>\n    <tr>\n      <th>19</th>\n      <td>Toyota Corolla</td>\n      <td>33.9</td>\n      <td>4</td>\n      <td>71.1</td>\n      <td>65</td>\n      <td>4.22</td>\n      <td>1.835</td>\n      <td>19.90</td>\n      <td>1</td>\n      <td>1</td>\n      <td>4</td>\n      <td>1</td>\n      <td>0.163008</td>\n    </tr>\n    <tr>\n      <th>20</th>\n      <td>Toyota Corona</td>\n      <td>21.5</td>\n      <td>4</td>\n      <td>120.1</td>\n      <td>97</td>\n      <td>3.70</td>\n      <td>2.465</td>\n      <td>20.01</td>\n      <td>1</td>\n      <td>0</td>\n      <td>3</td>\n      <td>1</td>\n      <td>0.190301</td>\n    </tr>\n    <tr>\n      <th>21</th>\n      <td>Dodge Challenger</td>\n      <td>15.5</td>\n      <td>8</td>\n      <td>318.0</td>\n      <td>150</td>\n      <td>2.76</td>\n      <td>3.520</td>\n      <td>16.87</td>\n      <td>0</td>\n      <td>0</td>\n      <td>3</td>\n      <td>2</td>\n      <td>0.206422</td>\n    </tr>\n    <tr>\n      <th>22</th>\n      <td>AMC Javelin</td>\n      <td>15.2</td>\n      <td>8</td>\n      <td>304.0</td>\n      <td>150</td>\n      <td>3.15</td>\n      <td>3.435</td>\n      <td>17.30</td>\n      <td>0</td>\n      <td>0</td>\n      <td>3</td>\n      <td>2</td>\n      <td>0.781877</td>\n    </tr>\n    <tr>\n      <th>23</th>\n      <td>Camaro Z28</td>\n      <td>13.3</td>\n      <td>8</td>\n      <td>350.0</td>\n      <td>245</td>\n      <td>3.73</td>\n      <td>3.840</td>\n      <td>15.41</td>\n      <td>0</td>\n      <td>0</td>\n      <td>3</td>\n      <td>4</td>\n      <td>0.507880</td>\n    </tr>\n    <tr>\n      <th>24</th>\n      <td>Pontiac Firebird</td>\n      <td>19.2</td>\n      <td>8</td>\n      <td>400.0</td>\n      <td>175</td>\n      <td>3.08</td>\n      <td>3.845</td>\n      <td>17.05</td>\n      <td>0</td>\n      <td>0</td>\n      <td>3</td>\n      <td>2</td>\n      <td>0.085506</td>\n    </tr>\n    <tr>\n      <th>25</th>\n      <td>Fiat X1-9</td>\n      <td>27.3</td>\n      <td>4</td>\n      <td>79.0</td>\n      <td>66</td>\n      <td>4.08</td>\n      <td>1.935</td>\n      <td>18.90</td>\n      <td>1</td>\n      <td>1</td>\n      <td>4</td>\n      <td>1</td>\n      <td>0.805699</td>\n    </tr>\n    <tr>\n      <th>26</th>\n      <td>Porsche 914-2</td>\n      <td>26.0</td>\n      <td>4</td>\n      <td>120.3</td>\n      <td>91</td>\n      <td>4.43</td>\n      <td>2.140</td>\n      <td>16.70</td>\n      <td>0</td>\n      <td>1</td>\n      <td>5</td>\n      <td>2</td>\n      <td>0.641118</td>\n    </tr>\n    <tr>\n      <th>27</th>\n      <td>Lotus Europa</td>\n      <td>30.4</td>\n      <td>4</td>\n      <td>95.1</td>\n      <td>113</td>\n      <td>3.77</td>\n      <td>1.513</td>\n      <td>16.90</td>\n      <td>1</td>\n      <td>1</td>\n      <td>5</td>\n      <td>2</td>\n      <td>0.748586</td>\n    </tr>\n    <tr>\n      <th>28</th>\n      <td>Ford Pantera L</td>\n      <td>15.8</td>\n      <td>8</td>\n      <td>351.0</td>\n      <td>264</td>\n      <td>4.22</td>\n      <td>3.170</td>\n      <td>14.50</td>\n      <td>0</td>\n      <td>1</td>\n      <td>5</td>\n      <td>4</td>\n      <td>0.357891</td>\n    </tr>\n    <tr>\n      <th>29</th>\n      <td>Ferrari Dino</td>\n      <td>19.7</td>\n      <td>6</td>\n      <td>145.0</td>\n      <td>175</td>\n      <td>3.62</td>\n      <td>2.770</td>\n      <td>15.50</td>\n      <td>0</td>\n      <td>1</td>\n      <td>5</td>\n      <td>6</td>\n      <td>0.269331</td>\n    </tr>\n    <tr>\n      <th>30</th>\n      <td>Maserati Bora</td>\n      <td>15.0</td>\n      <td>8</td>\n      <td>301.0</td>\n      <td>335</td>\n      <td>3.54</td>\n      <td>3.570</td>\n      <td>14.60</td>\n      <td>0</td>\n      <td>1</td>\n      <td>5</td>\n      <td>8</td>\n      <td>0.393925</td>\n    </tr>\n    <tr>\n      <th>31</th>\n      <td>Volvo 142E</td>\n      <td>21.4</td>\n      <td>4</td>\n      <td>121.0</td>\n      <td>109</td>\n      <td>4.11</td>\n      <td>2.780</td>\n      <td>18.60</td>\n      <td>1</td>\n      <td>1</td>\n      <td>4</td>\n      <td>2</td>\n      <td>0.366630</td>\n    </tr>\n  </tbody>\n</table>\n</div>"
     },
     "execution_count": 5,
     "metadata": {},
     "output_type": "execute_result"
    }
   ],
   "source": [
    "dat['noise'] = np.random.random(dat.shape[0])\n",
    "dat"
   ]
  },
  {
   "cell_type": "markdown",
   "metadata": {
    "id": "343Uy1DgIgGr"
   },
   "source": [
    "And compute correlations again."
   ]
  },
  {
   "cell_type": "code",
   "execution_count": 6,
   "metadata": {
    "colab": {
     "base_uri": "https://localhost:8080/",
     "height": 460
    },
    "id": "BMerwyCbIgGr",
    "executionInfo": {
     "status": "ok",
     "timestamp": 1694165613146,
     "user_tz": -120,
     "elapsed": 468,
     "user": {
      "displayName": "Jesus Prada",
      "userId": "01990672692810654269"
     }
    },
    "outputId": "7503f3b4-d4e6-40c2-8554-fd094b922b63",
    "ExecuteTime": {
     "end_time": "2023-09-17T16:17:01.769622500Z",
     "start_time": "2023-09-17T16:17:01.757928100Z"
    }
   },
   "outputs": [
    {
     "data": {
      "text/plain": "            mpg       cyl      disp        hp      drat        wt      qsec  \\\nmpg    1.000000 -0.852162 -0.847551 -0.776168  0.681172 -0.867659  0.418684   \ncyl   -0.852162  1.000000  0.902033  0.832447 -0.699938  0.782496 -0.591242   \ndisp  -0.847551  0.902033  1.000000  0.790949 -0.710214  0.887980 -0.433698   \nhp    -0.776168  0.832447  0.790949  1.000000 -0.448759  0.658748 -0.708223   \ndrat   0.681172 -0.699938 -0.710214 -0.448759  1.000000 -0.712441  0.091205   \nwt    -0.867659  0.782496  0.887980  0.658748 -0.712441  1.000000 -0.174716   \nqsec   0.418684 -0.591242 -0.433698 -0.708223  0.091205 -0.174716  1.000000   \nvs     0.664039 -0.810812 -0.710416 -0.723097  0.440278 -0.554916  0.744535   \nam     0.599832 -0.522607 -0.591227 -0.243204  0.712711 -0.692495 -0.229861   \ngear   0.480285 -0.492687 -0.555569 -0.125704  0.699610 -0.583287 -0.212682   \ncarb  -0.550925  0.526988  0.394977  0.749812 -0.090790  0.427606 -0.656249   \nnoise -0.072452 -0.097097 -0.076602 -0.093968 -0.090676  0.030196  0.281763   \n\n             vs        am      gear      carb     noise  \nmpg    0.664039  0.599832  0.480285 -0.550925 -0.072452  \ncyl   -0.810812 -0.522607 -0.492687  0.526988 -0.097097  \ndisp  -0.710416 -0.591227 -0.555569  0.394977 -0.076602  \nhp    -0.723097 -0.243204 -0.125704  0.749812 -0.093968  \ndrat   0.440278  0.712711  0.699610 -0.090790 -0.090676  \nwt    -0.554916 -0.692495 -0.583287  0.427606  0.030196  \nqsec   0.744535 -0.229861 -0.212682 -0.656249  0.281763  \nvs     1.000000  0.168345  0.206023 -0.569607  0.246177  \nam     0.168345  1.000000  0.794059  0.057534 -0.163588  \ngear   0.206023  0.794059  1.000000  0.274073  0.014629  \ncarb  -0.569607  0.057534  0.274073  1.000000 -0.149490  \nnoise  0.246177 -0.163588  0.014629 -0.149490  1.000000  ",
      "text/html": "<div>\n<style scoped>\n    .dataframe tbody tr th:only-of-type {\n        vertical-align: middle;\n    }\n\n    .dataframe tbody tr th {\n        vertical-align: top;\n    }\n\n    .dataframe thead th {\n        text-align: right;\n    }\n</style>\n<table border=\"1\" class=\"dataframe\">\n  <thead>\n    <tr style=\"text-align: right;\">\n      <th></th>\n      <th>mpg</th>\n      <th>cyl</th>\n      <th>disp</th>\n      <th>hp</th>\n      <th>drat</th>\n      <th>wt</th>\n      <th>qsec</th>\n      <th>vs</th>\n      <th>am</th>\n      <th>gear</th>\n      <th>carb</th>\n      <th>noise</th>\n    </tr>\n  </thead>\n  <tbody>\n    <tr>\n      <th>mpg</th>\n      <td>1.000000</td>\n      <td>-0.852162</td>\n      <td>-0.847551</td>\n      <td>-0.776168</td>\n      <td>0.681172</td>\n      <td>-0.867659</td>\n      <td>0.418684</td>\n      <td>0.664039</td>\n      <td>0.599832</td>\n      <td>0.480285</td>\n      <td>-0.550925</td>\n      <td>-0.072452</td>\n    </tr>\n    <tr>\n      <th>cyl</th>\n      <td>-0.852162</td>\n      <td>1.000000</td>\n      <td>0.902033</td>\n      <td>0.832447</td>\n      <td>-0.699938</td>\n      <td>0.782496</td>\n      <td>-0.591242</td>\n      <td>-0.810812</td>\n      <td>-0.522607</td>\n      <td>-0.492687</td>\n      <td>0.526988</td>\n      <td>-0.097097</td>\n    </tr>\n    <tr>\n      <th>disp</th>\n      <td>-0.847551</td>\n      <td>0.902033</td>\n      <td>1.000000</td>\n      <td>0.790949</td>\n      <td>-0.710214</td>\n      <td>0.887980</td>\n      <td>-0.433698</td>\n      <td>-0.710416</td>\n      <td>-0.591227</td>\n      <td>-0.555569</td>\n      <td>0.394977</td>\n      <td>-0.076602</td>\n    </tr>\n    <tr>\n      <th>hp</th>\n      <td>-0.776168</td>\n      <td>0.832447</td>\n      <td>0.790949</td>\n      <td>1.000000</td>\n      <td>-0.448759</td>\n      <td>0.658748</td>\n      <td>-0.708223</td>\n      <td>-0.723097</td>\n      <td>-0.243204</td>\n      <td>-0.125704</td>\n      <td>0.749812</td>\n      <td>-0.093968</td>\n    </tr>\n    <tr>\n      <th>drat</th>\n      <td>0.681172</td>\n      <td>-0.699938</td>\n      <td>-0.710214</td>\n      <td>-0.448759</td>\n      <td>1.000000</td>\n      <td>-0.712441</td>\n      <td>0.091205</td>\n      <td>0.440278</td>\n      <td>0.712711</td>\n      <td>0.699610</td>\n      <td>-0.090790</td>\n      <td>-0.090676</td>\n    </tr>\n    <tr>\n      <th>wt</th>\n      <td>-0.867659</td>\n      <td>0.782496</td>\n      <td>0.887980</td>\n      <td>0.658748</td>\n      <td>-0.712441</td>\n      <td>1.000000</td>\n      <td>-0.174716</td>\n      <td>-0.554916</td>\n      <td>-0.692495</td>\n      <td>-0.583287</td>\n      <td>0.427606</td>\n      <td>0.030196</td>\n    </tr>\n    <tr>\n      <th>qsec</th>\n      <td>0.418684</td>\n      <td>-0.591242</td>\n      <td>-0.433698</td>\n      <td>-0.708223</td>\n      <td>0.091205</td>\n      <td>-0.174716</td>\n      <td>1.000000</td>\n      <td>0.744535</td>\n      <td>-0.229861</td>\n      <td>-0.212682</td>\n      <td>-0.656249</td>\n      <td>0.281763</td>\n    </tr>\n    <tr>\n      <th>vs</th>\n      <td>0.664039</td>\n      <td>-0.810812</td>\n      <td>-0.710416</td>\n      <td>-0.723097</td>\n      <td>0.440278</td>\n      <td>-0.554916</td>\n      <td>0.744535</td>\n      <td>1.000000</td>\n      <td>0.168345</td>\n      <td>0.206023</td>\n      <td>-0.569607</td>\n      <td>0.246177</td>\n    </tr>\n    <tr>\n      <th>am</th>\n      <td>0.599832</td>\n      <td>-0.522607</td>\n      <td>-0.591227</td>\n      <td>-0.243204</td>\n      <td>0.712711</td>\n      <td>-0.692495</td>\n      <td>-0.229861</td>\n      <td>0.168345</td>\n      <td>1.000000</td>\n      <td>0.794059</td>\n      <td>0.057534</td>\n      <td>-0.163588</td>\n    </tr>\n    <tr>\n      <th>gear</th>\n      <td>0.480285</td>\n      <td>-0.492687</td>\n      <td>-0.555569</td>\n      <td>-0.125704</td>\n      <td>0.699610</td>\n      <td>-0.583287</td>\n      <td>-0.212682</td>\n      <td>0.206023</td>\n      <td>0.794059</td>\n      <td>1.000000</td>\n      <td>0.274073</td>\n      <td>0.014629</td>\n    </tr>\n    <tr>\n      <th>carb</th>\n      <td>-0.550925</td>\n      <td>0.526988</td>\n      <td>0.394977</td>\n      <td>0.749812</td>\n      <td>-0.090790</td>\n      <td>0.427606</td>\n      <td>-0.656249</td>\n      <td>-0.569607</td>\n      <td>0.057534</td>\n      <td>0.274073</td>\n      <td>1.000000</td>\n      <td>-0.149490</td>\n    </tr>\n    <tr>\n      <th>noise</th>\n      <td>-0.072452</td>\n      <td>-0.097097</td>\n      <td>-0.076602</td>\n      <td>-0.093968</td>\n      <td>-0.090676</td>\n      <td>0.030196</td>\n      <td>0.281763</td>\n      <td>0.246177</td>\n      <td>-0.163588</td>\n      <td>0.014629</td>\n      <td>-0.149490</td>\n      <td>1.000000</td>\n    </tr>\n  </tbody>\n</table>\n</div>"
     },
     "execution_count": 6,
     "metadata": {},
     "output_type": "execute_result"
    }
   ],
   "source": [
    "cor = dat.corr(numeric_only = True)\n",
    "cor"
   ]
  },
  {
   "cell_type": "markdown",
   "metadata": {
    "id": "rcgFAXnSIgGr"
   },
   "source": [
    "Let's assume our target here is ant."
   ]
  },
  {
   "cell_type": "code",
   "execution_count": 7,
   "metadata": {
    "id": "uHtvHjY9IgGr",
    "ExecuteTime": {
     "end_time": "2023-09-17T16:17:05.436031500Z",
     "start_time": "2023-09-17T16:17:05.421000500Z"
    }
   },
   "outputs": [],
   "source": [
    "target = 'mpg'"
   ]
  },
  {
   "cell_type": "markdown",
   "metadata": {
    "id": "LKCkladgIgGr"
   },
   "source": [
    "Finally, let's define a minimum correlation threshold and detect the variables that fall below it."
   ]
  },
  {
   "cell_type": "code",
   "execution_count": null,
   "metadata": {
    "colab": {
     "base_uri": "https://localhost:8080/"
    },
    "id": "6H3quiKrIgGr",
    "executionInfo": {
     "status": "ok",
     "timestamp": 1694165645914,
     "user_tz": -120,
     "elapsed": 5,
     "user": {
      "displayName": "Jesus Prada",
      "userId": "01990672692810654269"
     }
    },
    "outputId": "95065da4-ec92-443a-e9e9-07ca37b58499"
   },
   "outputs": [
    {
     "output_type": "execute_result",
     "data": {
      "text/plain": [
       "['noise']"
      ]
     },
     "metadata": {},
     "execution_count": 14
    }
   ],
   "source": [
    "threshold = FILL\n",
    "irrelevant_variables = FILL\n",
    "irrelevant_variables"
   ]
  },
  {
   "cell_type": "markdown",
   "metadata": {
    "id": "0jWgsZ7DIgGs"
   },
   "source": [
    "## Define Custom Function"
   ]
  },
  {
   "cell_type": "code",
   "execution_count": null,
   "metadata": {
    "id": "OWvZvla5IgGs"
   },
   "outputs": [],
   "source": [
    "def irrelevant_variables(X, target, threshold = 0.05):\n",
    "    FILL"
   ]
  },
  {
   "cell_type": "code",
   "execution_count": null,
   "metadata": {
    "colab": {
     "base_uri": "https://localhost:8080/",
     "height": 1000
    },
    "id": "EpeQOqKaIgGt",
    "executionInfo": {
     "status": "ok",
     "timestamp": 1694165684260,
     "user_tz": -120,
     "elapsed": 312,
     "user": {
      "displayName": "Jesus Prada",
      "userId": "01990672692810654269"
     }
    },
    "outputId": "4b619426-d48f-4395-e14d-5e1b47ad1b0e"
   },
   "outputs": [
    {
     "output_type": "stream",
     "name": "stdout",
     "text": [
      "Variables ['noise'] have been removed from dataset.\n"
     ]
    },
    {
     "output_type": "execute_result",
     "data": {
      "text/plain": [
       "                  model   mpg  cyl   disp   hp  drat     wt   qsec  vs  am  \\\n",
       "0             Mazda RX4  21.0    6  160.0  110  3.90  2.620  16.46   0   1   \n",
       "1         Mazda RX4 Wag  21.0    6  160.0  110  3.90  2.875  17.02   0   1   \n",
       "2            Datsun 710  22.8    4  108.0   93  3.85  2.320  18.61   1   1   \n",
       "3        Hornet 4 Drive  21.4    6  258.0  110  3.08  3.215  19.44   1   0   \n",
       "4     Hornet Sportabout  18.7    8  360.0  175  3.15  3.440  17.02   0   0   \n",
       "5               Valiant  18.1    6  225.0  105  2.76  3.460  20.22   1   0   \n",
       "6            Duster 360  14.3    8  360.0  245  3.21  3.570  15.84   0   0   \n",
       "7             Merc 240D  24.4    4  146.7   62  3.69  3.190  20.00   1   0   \n",
       "8              Merc 230  22.8    4  140.8   95  3.92  3.150  22.90   1   0   \n",
       "9              Merc 280  19.2    6  167.6  123  3.92  3.440  18.30   1   0   \n",
       "10            Merc 280C  17.8    6  167.6  123  3.92  3.440  18.90   1   0   \n",
       "11           Merc 450SE  16.4    8  275.8  180  3.07  4.070  17.40   0   0   \n",
       "12           Merc 450SL  17.3    8  275.8  180  3.07  3.730  17.60   0   0   \n",
       "13          Merc 450SLC  15.2    8  275.8  180  3.07  3.780  18.00   0   0   \n",
       "14   Cadillac Fleetwood  10.4    8  472.0  205  2.93  5.250  17.98   0   0   \n",
       "15  Lincoln Continental  10.4    8  460.0  215  3.00  5.424  17.82   0   0   \n",
       "16    Chrysler Imperial  14.7    8  440.0  230  3.23  5.345  17.42   0   0   \n",
       "17             Fiat 128  32.4    4   78.7   66  4.08  2.200  19.47   1   1   \n",
       "18          Honda Civic  30.4    4   75.7   52  4.93  1.615  18.52   1   1   \n",
       "19       Toyota Corolla  33.9    4   71.1   65  4.22  1.835  19.90   1   1   \n",
       "20        Toyota Corona  21.5    4  120.1   97  3.70  2.465  20.01   1   0   \n",
       "21     Dodge Challenger  15.5    8  318.0  150  2.76  3.520  16.87   0   0   \n",
       "22          AMC Javelin  15.2    8  304.0  150  3.15  3.435  17.30   0   0   \n",
       "23           Camaro Z28  13.3    8  350.0  245  3.73  3.840  15.41   0   0   \n",
       "24     Pontiac Firebird  19.2    8  400.0  175  3.08  3.845  17.05   0   0   \n",
